0.0580013   -0.998292  0.00692635
0.998316   0.0579957 -0.00101483
0.000611399  0.00697355    0.999975

0.0580015    -0.998292     0.00692635         0
0.998316     0.0579958    -0.00101483         0
0.000611399  0.00697355    0.999975           0
          0           0           0           1