<?xml version="1.0" encoding="UTF-8"?>
<document version="1.5.0">
  <chunk label="Chunk 1" enabled="true">
    <sensors next_id="1">
      <sensor id="0" label="unknown" type="frame">
        <resolution width="2000" height="2000"/>
        <property name="layer_index" value="0"/>
        <bands>
          <band label="Red"/>
          <band label="Green"/>
          <band label="Blue"/>
        </bands>
        <data_type>uint8</data_type>
        <calibration type="frame" class="adjusted">
          <resolution width="2000" height="2000"/>
          <f>3104.2811388165819</f>
          <cx>485.21998535991696</cx>
          <cy>528.16850880075083</cy>
          <k1>-0.39502675416363037</k1>
          <k2>0.20859776910110914</k2>
          <k3>-0.073007512021502408</k3>
          <p1>0.00021382259481594816</p1>
          <p2>3.5668154565357493e-05</p2>
        </calibration>
        <covariance>
          <params>f cx cy k1 k2 k3 p1 p2</params>
          <coeffs>5.8665803713362288e-03 -3.6335721875431146e-05 -1.5634439017985647e-03 -1.1279347527044998e-06 1.8542699525794548e-06 -1.2153300339826548e-06 2.8593023311795720e-08 1.2269707520212010e-07 -3.6335721875431146e-05 2.3147422241978468e-03 -2.5664831014067310e-05 -2.3370102877529395e-07 1.8177265450940240e-07 -1.1019776395932512e-07 -1.1301674114725132e-07 -2.0260616872834837e-08 -1.5634439017985647e-03 -2.5664831014067310e-05 1.6923314154726010e-03 8.0418825395711969e-08 -2.5713995972061163e-07 1.8138853446634832e-07 -1.4720523661474522e-08 -1.0265589071789830e-07 -1.1279347527044998e-06 -2.3370102877529395e-07 8.0418825395711969e-08 6.6345954899812604e-10 -1.4032754764146655e-09 1.1274429198726840e-09 1.9864842634884103e-11 -1.9282252680251729e-12 1.8542699525794548e-06 1.8177265450940240e-07 -2.5713995972061163e-07 -1.4032754764146655e-09 4.0015747442193336e-09 -3.6265865707720968e-09 -1.1357061496754342e-11 1.8311390015370958e-11 -1.2153300339826548e-06 -1.1019776395932512e-07 1.8138853446634832e-07 1.1274429198726840e-09 -3.6265865707720968e-09 3.5033618156380446e-09 6.3670123258741325e-12 -1.2099369824842006e-11 2.8593023311795720e-08 -1.1301674114725132e-07 -1.4720523661474522e-08 1.9864842634884103e-11 -1.1357061496754342e-11 6.3670123258741325e-12 8.7479935010856105e-12 3.0991794560812273e-12 1.2269707520212010e-07 -2.0260616872834837e-08 -1.0265589071789830e-07 -1.9282252680251729e-12 1.8311390015370958e-11 -1.2099369824842006e-11 3.0991794560812273e-12 9.5220599628588392e-12</coeffs>
        </covariance>
      </sensor>
    </sensors>
    <components next_id="1" active_id="0">
      <component id="0" label="Component 1">
        <transform>
          <rotation locked="true">6.8065425085687792e-01 7.1969820234321391e-01 -1.3690978173384211e-01 -3.5360906115055490e-01 1.5907571581750374e-01 -9.2176762175147575e-01 -6.4161547882098768e-01 6.7581758942860815e-01 3.6276736782161068e-01</rotation>
          <translation locked="true">-3.1405444658884761e+05 -4.7351844153366154e+06 4.2465979502084944e+06</translation>
          <scale locked="true">1.1339053033529039e+01</scale>
        </transform>
        <region>
          <center>7.1764280156465556e+00 -1.5081958170537160e+00 -6.1074116110147285e+00</center>
          <size>4.0685308456420898e+01 3.1076850128173831e+01 8.2050441741943345e+00</size>
          <R>-9.6888508250618111e-01 8.0107143106159628e-02 -2.3418911699812206e-01 -1.4476033866988480e-01 -9.5087534574017041e-01 2.7364305438233127e-01 -2.0076389427676256e-01 2.9902996921191788e-01 9.3288527497648321e-01</R>
        </region>
        <partition>
          <partition>
            <partition>
              <camera_ids>35 36 222 223 224 225 226 227 228 229 230 231 232 233 234 235 236 237 238 239 240 241 242 243 244 245 246 247 248 249 250 251 252 253 254 255 256 257 258 259 260 261 262 385 386 387 388 394 395 396 397 398 399 400 401 402 403 404 405 406 407 408 409 410 411 412 413 414 415 416 417 418 419 420 421 422 423 424 425 426 427 428 429 430 431 432 433 434 435 436 437 438 439 440 441 442 443 444 445 446 447 448 449 450 451 452 453 454 455 456 457 458 459 460 461 462 463</camera_ids>
            </partition>
            <partition>
              <camera_ids>37 38 39 40 41 42 43 44 45 46 47 48 49 50 51 52 53 54 55 56 57 58 59 60 61 62 63 64 65 66 67 68 69 70 71 72 73 74 75 76 77 78 79 80 81 82 83 84 85 86 87 88 89 90 91 92 93 94 95 96 97 98 99 100 101 102 103 104 105 106 107 108 109 110 111 112 113 114 115 116 117 118 119 120 121 122 123 124 125 126 263 264 265 266 267 268 269 270 271 272 273 274 275 276 277 278 279 280 281 282 283 284 285 286 287 288 289 290 291 292 293 294 295 296 297 298 299 300 301 302 303 304</camera_ids>
            </partition>
          </partition>
          <partition>
            <partition>
              <camera_ids>9 10 11 12 13 14 15 16 17 18 19 20 21 22 23 24 25 26 27 28 29 30 31 32 33 34 198 199 200 201 202 203 204 205 206 207 208 209 210 211 212 213 214 215 216 217 218 219 220 221 357 358 359 360 361 362 363 364 365 366 367 368 369 370 371 372 373 374 375 376 377 378 379 380 381 382 383 384 389 390 391 392 393 582 583 584 585 586 587 588 589 590 591 592 593 594 595 596 597 598 599 600</camera_ids>
            </partition>
            <partition>
              <camera_ids>580 581 601 602 603 604 605 606 607 608 609 610 611 612 613 614 615 616 617 618 619 620 621 622 623 624 625 626 627 628 629 630 631 632 633 634 635 636 637 638 639 640 641 642 643 644 645 646 647 648 649 650 651 652 653 654 655 656 657 658 659 660 661 662 663 664 665 666 667 668 669 670 671 672 673</camera_ids>
            </partition>
            <partition>
              <camera_ids>0 1 2 3 4 5 6 7 8 529 530 531 532 533 534 535 536 537 538 539 540 541 542 543 544 545 546 547 548 549 550 551 552 553 554 555 556 557 558 559 560 561 562 563 564 565 566 567 568 569 570 571 572 573 574 575 576 577 578 579</camera_ids>
            </partition>
          </partition>
          <partition>
            <partition>
              <camera_ids>127 128 129 130 131 132 133 134 135 136 137 138 139 140 141 142 143 144 145 146 147 148 149 150 151 152 153 154 155 156 157 158 159 160 161 162 163 164 165 166 167 168 169 170 171 172 173 174 175 176 177 178 179 180 181 182 183 184 185 186 187 188 189 190 191 192 193 194 195 196 197 337 338 339 340 341 342 343 344 345 346 347 348 349 350 351 352 353 354 355 356 516 517 518 519 520 521 522 523 524 525 526 527 528</camera_ids>
            </partition>
            <partition>
              <camera_ids>305 306 307 308 309 310 311 312 313 314 315 316 317 318 319 320 321 322 323 324 325 326 327 328 329 330 331 332 333 334 335 336 464 465 466 467 468 469 470 471 472 473 474 475 476 477 478 479 480 481 482 483 484 485 486 487 488 489 490 491 492 493 494 495 496 497 498 499 500 501 502 503 504 505 506 507 508 509 510 511 512 513 514 515</camera_ids>
            </partition>
          </partition>
        </partition>
      </component>
    </components>
    <cameras next_id="674" next_group_id="0">
      <camera id="0" sensor_id="0" component_id="0" label="time_1659618745.714381">
        <transform>-2.5937185367145094e-01 9.6475468652694163e-01 4.4436880486124590e-02 6.8481377336131433e-01 8.1604977988654892e-01 2.4353627895598315e-01 -5.2416871098854101e-01 -5.8927664469021357e-01 -5.1651621297898354e-01 -9.9691903666126236e-02 -8.5045430569388791e-01 4.2125620905221817e-01 0 0 0 1</transform>
        <rotation_covariance>6.2775210252561311e-07 -4.4320175646239795e-07 6.6985620256849758e-08 -4.4320175646239790e-07 2.9368460616893181e-06 -4.4105940321908132e-07 6.6985620256849678e-08 -4.4105940321908127e-07 5.4929255384907743e-07</rotation_covariance>
        <location_covariance>1.9464088215084477e-05 -3.9971090000516405e-07 -1.2415161166561819e-06 -3.9971090000516405e-07 1.9736739932273708e-05 1.7791409927687193e-06 -1.2415161166561819e-06 1.7791409927687193e-06 2.5144796277385072e-05</location_covariance>
        <reference x="-93.794507222222194" y="42.015055272222199" z="-380" enabled="true"/>
      </camera>
      <camera id="1" sensor_id="0" component_id="0" label="time_1659618746.015012">
        <transform>-2.6693282936080387e-01 9.6331141166049716e-01 2.7892450127176796e-02 6.7523141788508789e-01 8.3228372940239281e-01 2.4502320356065421e-01 -4.9725991542544329e-01 -5.6897502910772568e-01 -4.8585044857597964e-01 -1.0952056373821058e-01 -8.6715315125817527e-01 4.6674241885354112e-01 0 0 0 1</transform>
        <rotation_covariance>6.2860040475626361e-07 -4.4165217860830460e-07 7.5882899865533069e-08 -4.4165217860830465e-07 2.9241139117803065e-06 -4.7417214265703054e-07 7.5882899865533069e-08 -4.7417214265703054e-07 5.6126513139014768e-07</rotation_covariance>
        <location_covariance>1.9459877093410550e-05 -4.3748648374459144e-07 -1.2308255867057468e-06 -4.3748648374459144e-07 1.9831733441729209e-05 1.9217608329343953e-06 -1.2308255867057468e-06 1.9217608329343953e-06 2.4981829271661638e-05</location_covariance>
        <reference x="-93.794507508333297" y="42.015055913888901" z="-381" enabled="true"/>
      </camera>
      <camera id="2" sensor_id="0" component_id="0" label="time_1659618746.314838">
        <transform>-2.6711169174323457e-01 9.6349523258063519e-01 1.8118524455785719e-02 6.6924403050681203e-01 8.3920298569895091e-01 2.4181378178177837e-01 -4.8709798165703827e-01 -5.5246712705377654e-01 -4.7369789204516533e-01 -1.1490444610537173e-01 -8.7315936422693452e-01 5.0869305183909974e-01 0 0 0 1</transform>
        <rotation_covariance>6.2632240694638886e-07 -4.3402878969173356e-07 7.9418712967656943e-08 -4.3402878969173351e-07 2.9181731185196958e-06 -4.9507431817276067e-07 7.9418712967656969e-08 -4.9507431817276067e-07 5.6951308797956305e-07</rotation_covariance>
        <location_covariance>1.9450940894209928e-05 -4.7168690288040631e-07 -1.2244564700638821e-06 -4.7168690288040631e-07 1.9923501794787219e-05 2.0502675809916480e-06 -1.2244564700638821e-06 2.0502675809916480e-06 2.4848656978456737e-05</location_covariance>
        <reference x="-93.794507772222204" y="42.0150564277778" z="-381" enabled="true"/>
      </camera>
      <camera id="3" sensor_id="0" component_id="0" label="time_1659618746.614965">
        <transform>-2.6514095486320954e-01 9.6374381843854695e-01 2.9968758327873324e-02 6.6729135620050073e-01 8.3698910196944054e-01 2.4547699404318901e-01 -4.8907084208722734e-01 -5.3816763666966749e-01 -4.7869564154963318e-01 -1.0458918594677521e-01 -8.7172907772104069e-01 5.4789084453864190e-01 0 0 0 1</transform>
        <rotation_covariance>6.2548273113272807e-07 -4.3311850065965472e-07 7.3485713120654091e-08 -4.3311850065965461e-07 2.9301999815291827e-06 -4.6739198552489563e-07 7.3485713120654144e-08 -4.6739198552489552e-07 5.5829673202547221e-07</rotation_covariance>
        <location_covariance>1.9431953298541920e-05 -5.0277167574540724e-07 -1.2187467164749154e-06 -5.0277167574540724e-07 2.0005781285547616e-05 2.1664530918918746e-06 -1.2187467164749154e-06 2.1664530918918746e-06 2.4728331576402875e-05</location_covariance>
        <reference x="-93.794508074999996" y="42.015056397222203" z="-382" enabled="true"/>
      </camera>
      <camera id="4" sensor_id="0" component_id="0" label="time_1659618746.914745">
        <transform>-2.5836611588000608e-01 9.6450904288400252e-01 5.4490883274775415e-02 6.6936561484735391e-01 8.2420694565042207e-01 2.4950330386857461e-01 -5.0836110403950863e-01 -5.2504308059560389e-01 -5.0391453730437441e-01 -8.6431519445462485e-02 -8.5941825180738773e-01 5.8616015224217954e-01 0 0 0 1</transform>
        <rotation_covariance>6.2424220124615188e-07 -4.3355322516341861e-07 6.1105553007807326e-08 -4.3355322516341861e-07 2.9507448093564249e-06 -4.1309245499675111e-07 6.1105553007807352e-08 -4.1309245499675111e-07 5.3887723210121010e-07</rotation_covariance>
        <location_covariance>1.9399198807278391e-05 -5.3027825841563413e-07 -1.2153552624628179e-06 -5.3027825841563413e-07 2.0078992627947632e-05 2.2766122053507797e-06 -1.2153552624628179e-06 2.2766122053507797e-06 2.4611425804726445e-05</location_covariance>
        <reference x="-93.7945074583333" y="42.015055500000003" z="-382" enabled="true"/>
      </camera>
      <camera id="5" sensor_id="0" component_id="0" label="time_1659618747.214614">
        <transform>-2.4952807642482444e-01 9.6316371030615699e-01 1.0025670164634259e-01 6.7256893186411837e-01 8.0937621553481742e-01 2.6427859193473269e-01 -5.2446827127246842e-01 -5.1249678635442075e-01 -5.3164450603976299e-01 -4.9724169115952510e-02 -8.4550672747380584e-01 6.2147874261633285e-01 0 0 0 1</transform>
        <rotation_covariance>6.2165089724065750e-07 -4.3156857051652413e-07 3.8638957955928677e-08 -4.3156857051652391e-07 2.9844814260052517e-06 -3.0407929276612434e-07 3.8638957955928650e-08 -3.0407929276612423e-07 5.0766998304635280e-07</rotation_covariance>
        <location_covariance>1.9366672596211935e-05 -5.5670528051843985e-07 -1.2100672450242264e-06 -5.5670528051843985e-07 2.0150427699444924e-05 2.3736282403856253e-06 -1.2100672450242264e-06 2.3736282403856253e-06 2.4497841261841462e-05</location_covariance>
        <reference x="-93.794506358333294" y="42.0150543305556" z="-383" enabled="true"/>
      </camera>
      <camera id="6" sensor_id="0" component_id="0" label="time_1659618747.514711">
        <transform>-2.4695848268518067e-01 9.6359428509482059e-01 1.0245760861173420e-01 6.7273165884659458e-01 8.1686766239809272e-01 2.6389225841824299e-01 -5.1292114216046381e-01 -5.0084283709822108e-01 -5.2128565101881374e-01 -4.2975919763532044e-02 -8.5229944289690229e-01 6.4781059760160109e-01 0 0 0 1</transform>
        <rotation_covariance>6.1735468196014927e-07 -4.1861282433419488e-07 3.6513363988941007e-08 -4.1861282433419472e-07 2.9911447031220127e-06 -2.9590036008361060e-07 3.6513363988941059e-08 -2.9590036008361065e-07 5.0531120758590651e-07</rotation_covariance>
        <location_covariance>1.9351022034754448e-05 -5.7972523691035236e-07 -1.2030524690101530e-06 -5.7972523691035236e-07 2.0213651594421930e-05 2.4434607464241849e-06 -1.2030524690101530e-06 2.4434607464241849e-06 2.4398228048789114e-05</location_covariance>
        <reference x="-93.794505513888893" y="42.0150537833333" z="-383" enabled="true"/>
      </camera>
      <camera id="7" sensor_id="0" component_id="0" label="time_1659618747.814619">
        <transform>-2.4815363328820172e-02 9.9884273797573053e-01 4.1199302615514688e-02 6.7132256596720230e-01 8.9821118830019908e-01 4.0369357272811351e-02 -4.3770649550323587e-01 -4.9480943586179055e-01 -4.3886314376489022e-01 2.6143828842123573e-02 -8.9817350287028119e-01 6.5977778722140235e-01 0 0 0 1</transform>
        <rotation_covariance>5.6246453128383682e-07 1.8840363715482900e-07 -3.9655672186431153e-08 1.8840363715482897e-07 3.0100099270057608e-06 -4.3023954528176886e-07 -3.9655672186431206e-08 -4.3023954528176896e-07 5.4220978765464837e-07</rotation_covariance>
        <location_covariance>1.9376793825798307e-05 -6.0515328735478674e-07 -1.2017892514163649e-06 -6.0515328735478674e-07 2.0273865116023283e-05 2.4630113280965266e-06 -1.2017892514163649e-06 2.4630113280965266e-06 2.4358843719755976e-05</location_covariance>
        <reference x="-93.794505013888894" y="42.015053641666697" z="-383" enabled="true"/>
      </camera>
      <camera id="8" sensor_id="0" component_id="0" label="time_1659618748.114766">
        <transform>4.2214637709071035e-01 9.0598684409945118e-01 3.1309337711051613e-02 6.6992587121430880e-01 8.4551198991336762e-01 -3.8104131147394804e-01 -3.7405480061476426e-01 -4.9492361146065655e-01 -3.2695857722641974e-01 1.8437829934385172e-01 -9.2687794855047889e-01 6.6187763291388690e-01 0 0 0 1</transform>
        <rotation_covariance>1.2302486583142350e-06 1.1047397719906175e-06 -2.3038886366198006e-07 1.1047397719906177e-06 2.3426202924197558e-06 -3.7212650243988105e-07 -2.3038886366198012e-07 -3.7212650243988105e-07 5.4365631752560122e-07</rotation_covariance>
        <location_covariance>1.9451340085311665e-05 -6.1707788333071281e-07 -1.2179006149093044e-06 -6.1707788333071281e-07 2.0336701728701822e-05 2.4513712131205985e-06 -1.2179006149093044e-06 2.4513712131205985e-06 2.4374511948619660e-05</location_covariance>
        <reference x="-93.794505088888897" y="42.0150536777778" z="-383" enabled="true"/>
      </camera>
      <camera id="9" sensor_id="0" component_id="0" label="time_1659618748.414978">
        <transform>7.9304737265776248e-01 6.0714032585413591e-01 4.9562984598938403e-02 6.7198871378716862e-01 5.9480991902693958e-01 -7.5424195058015120e-01 -2.7806517259846636e-01 -4.9006825244347546e-01 -1.3144209731964207e-01 2.4999940941286891e-01 -9.5928268531514260e-01 6.6040300125310980e-01 0 0 0 1</transform>
        <rotation_covariance>2.4360761118098157e-06 1.0732196101028899e-06 -3.0954671742471547e-07 1.0732196101028897e-06 1.1605506777696100e-06 -1.8432678667566907e-07 -3.0954671742471547e-07 -1.8432678667566902e-07 5.1957783030350219e-07</rotation_covariance>
        <location_covariance>1.9492230509932908e-05 -6.0988537242081641e-07 -1.2251297383509848e-06 -6.0988537242081641e-07 2.0271888707724917e-05 2.4873080812246639e-06 -1.2251297383509848e-06 2.4873080812246639e-06 2.4292891218190928e-05</location_covariance>
        <reference x="-93.794505761111097" y="42.015053938888897" z="-383" enabled="true"/>
      </camera>
      <camera id="10" sensor_id="0" component_id="0" label="time_1659618748.714707">
        <transform>9.7833039874332117e-01 1.9610040986873084e-01 6.6439898736001632e-02 6.7911045709583184e-01 2.0637585293980909e-01 -9.4944735108975165e-01 -2.3655598667550087e-01 -4.8816498294262961e-01 1.6692459917600336e-02 2.4514150354023934e-01 -9.6934359492593225e-01 6.6689951844047768e-01 0 0 0 1</transform>
        <rotation_covariance>3.0544980756637164e-06 1.3580848634144781e-07 -3.0151963388862222e-07 1.3580848634144770e-07 5.5500123315703293e-07 -2.6385689721003834e-08 -3.0151963388862233e-07 -2.6385689721003807e-08 5.0519285492181067e-07</rotation_covariance>
        <location_covariance>1.9357243534591820e-05 -6.0800728968359234e-07 -1.1979014391623318e-06 -6.0800728968359234e-07 2.0274346505731198e-05 2.5130582320737446e-06 -1.1979014391623318e-06 2.5130582320737446e-06 2.4251044012468117e-05</location_covariance>
        <reference x="-93.794506055555601" y="42.015053636111098" z="-383" enabled="true"/>
      </camera>
      <camera id="11" sensor_id="0" component_id="0" label="time_1659618749.015465">
        <transform>9.8618318560389140e-01 -1.1864753657434418e-03 1.6565420824225388e-01 6.9578283282457687e-01 3.9870517885252699e-02 -9.6887989695213728e-01 -2.4429917536819107e-01 -4.9578029227048609e-01 1.6078888716488859e-01 2.4752845807749607e-01 -9.5544575785653785e-01 6.7866076301781042e-01 0 0 0 1</transform>
        <rotation_covariance>3.0456314809016064e-06 -3.5569068080947170e-07 -5.0063617125613244e-08 -3.5569068080947165e-07 5.9819325967708749e-07 -9.1419586810201507e-10 -5.0063617125613230e-08 -9.1419586810201507e-10 4.7034320858953531e-07</rotation_covariance>
        <location_covariance>1.9278377336955089e-05 -6.0561089619330245e-07 -1.2016311471879550e-06 -6.0561089619330245e-07 2.0267948533255519e-05 2.5593857929568022e-06 -1.2016311471879550e-06 2.5593857929568022e-06 2.4269499345853337e-05</location_covariance>
        <reference x="-93.794505330555594" y="42.015052275000002" z="-383" enabled="true"/>
      </camera>
      <camera id="12" sensor_id="0" component_id="0" label="time_1659618749.315054">
        <transform>9.7499693289306522e-01 -4.7839617827077838e-02 2.1700772293924178e-01 7.1510248927718501e-01 2.7973636403286813e-02 -9.4236058048707172e-01 -3.3342767133284751e-01 -5.0993329902625883e-01 2.2045057612873756e-01 3.3116145202941100e-01 -9.1746042757945656e-01 6.9312328174417315e-01 0 0 0 1</transform>
        <rotation_covariance>3.0226618942609310e-06 -4.2584081588626756e-07 5.3011595325776057e-08 -4.2584081588626772e-07 6.2159749499825630e-07 -9.0345222035155220e-09 5.3011595325776004e-08 -9.0345222035154823e-09 4.6968762186064558e-07</rotation_covariance>
        <location_covariance>1.9242923992265553e-05 -6.1605213525315552e-07 -1.2255525048728690e-06 -6.1605213525315552e-07 2.0251547921725322e-05 2.6130760326820456e-06 -1.2255525048728690e-06 2.6130760326820456e-06 2.4339051101351847e-05</location_covariance>
        <reference x="-93.794504327777801" y="42.015050061111097" z="-383" enabled="true"/>
      </camera>
      <camera id="13" sensor_id="0" component_id="0" label="time_1659618749.614714">
        <transform>9.4825107908802497e-01 -7.5230223926880502e-02 3.0848063864091618e-01 7.3419047013999739e-01 8.9496477894931745e-02 -8.6881188624114314e-01 -4.8698694722806379e-01 -5.2386265784446273e-01 3.0464778261592212e-01 4.8939382886793570e-01 -8.1711896857996347e-01 7.0158799807711314e-01 0 0 0 1</transform>
        <rotation_covariance>3.0072645342370751e-06 -4.0352796090903674e-07 2.5011440296189214e-07 -4.0352796090903663e-07 6.1190013367420633e-07 -2.5831332237411266e-08 2.5011440296189203e-07 -2.5831332237411266e-08 4.9569233580787484e-07</rotation_covariance>
        <location_covariance>1.9233287767721429e-05 -6.2846118860753165e-07 -1.2336609608322077e-06 -6.2846118860753165e-07 2.0250085315237267e-05 2.6323421359976878e-06 -1.2336609608322077e-06 2.6323421359976878e-06 2.4425940317159143e-05</location_covariance>
        <reference x="-93.7945030138889" y="42.015047774999999" z="-383" enabled="true"/>
      </camera>
      <camera id="14" sensor_id="0" component_id="0" label="time_1659618749.915041">
        <transform>9.4471531090110306e-01 -8.6185069631614167e-02 3.1636231621611638e-01 7.4534832624182579e-01 9.7636917844385246e-02 -8.4712875734363546e-01 -5.2234078986354870e-01 -5.2363030559548551e-01 3.1301759315233546e-01 5.2435198316972209e-01 -7.9188066280412328e-01 7.0031820370503517e-01 0 0 0 1</transform>
        <rotation_covariance>3.0033500942979069e-06 -4.0830540438786638e-07 2.6290779849690597e-07 -4.0830540438786632e-07 6.1218727451784306e-07 -2.5202904268021169e-08 2.6290779849690613e-07 -2.5202904268021169e-08 4.9965905184147838e-07</rotation_covariance>
        <location_covariance>1.9201631162398267e-05 -6.2781866276673071e-07 -1.2305295627153771e-06 -6.2781866276673071e-07 2.0209693900192886e-05 2.6151599150978818e-06 -1.2305295627153771e-06 2.6151599150978818e-06 2.4401302815727885e-05</location_covariance>
        <reference x="-93.794501622222199" y="42.015047324999998" z="-383" enabled="true"/>
      </camera>
      <camera id="15" sensor_id="0" component_id="0" label="time_1659618750.215405">
        <transform>9.5555936144675813e-01 -9.2710620656428280e-02 2.7984111129168227e-01 7.4367117179212716e-01 7.3248401249350545e-02 -8.4482456681408902e-01 -5.3000577640418389e-01 -5.0364401787651825e-01 2.8555381010569264e-01 5.2694989526983260e-01 -8.0048911885748619e-01 6.8931459254422345e-01 0 0 0 1</transform>
        <rotation_covariance>3.0152334922133349e-06 -4.2258022828868794e-07 1.6510787466908291e-07 -4.2258022828868799e-07 6.1665113602572285e-07 -9.9183435116567336e-09 1.6510787466908296e-07 -9.9183435116567336e-09 4.8323779827349115e-07</rotation_covariance>
        <location_covariance>1.9157399109280401e-05 -6.1095614664127669e-07 -1.2045850339490359e-06 -6.1095614664127669e-07 2.0138637644373913e-05 2.5446431026226611e-06 -1.2045850339490359e-06 2.5446431026226611e-06 2.4229803909565810e-05</location_covariance>
        <reference x="-93.794499363888903" y="42.015049775000001" z="-383" enabled="true"/>
      </camera>
      <camera id="16" sensor_id="0" component_id="0" label="time_1659618750.514997">
        <transform>9.6281510005865290e-01 -9.5666596724988423e-02 2.5265586351815289e-01 7.3625241000011254e-01 5.5791772945950925e-02 -8.4463580775109948e-01 -5.3242617360174449e-01 -4.6605225395739108e-01 2.6433758940149349e-01 5.2672407818107736e-01 -8.0789070071000402e-01 6.7181406315435177e-01 0 0 0 1</transform>
        <rotation_covariance>3.0200313517072651e-06 -4.2966960777473092e-07 9.3053144184918806e-08 -4.2966960777473081e-07 6.1903080642500076e-07 1.8393944409498351e-09 9.3053144184918846e-08 1.8393944409498086e-09 4.7593543645427031e-07</rotation_covariance>
        <location_covariance>1.9091794352578693e-05 -5.8258996735872276e-07 -1.1513440405660960e-06 -5.8258996735872276e-07 2.0035064786725010e-05 2.4275848929850164e-06 -1.1513440405660960e-06 2.4275848929850164e-06 2.3928065151414159e-05</location_covariance>
        <reference x="-93.794495633333298" y="42.015054722222203" z="-383" enabled="true"/>
      </camera>
      <camera id="17" sensor_id="0" component_id="0" label="time_1659618750.815227">
        <transform>9.6462609547904143e-01 -9.3365123374712117e-02 2.4653488527606657e-01 7.2579429743584434e-01 5.7225415437344010e-02 -8.3872441506507134e-01 -5.4154095634751076e-01 -4.1296844350004397e-01 2.5733586564814859e-01 5.3649259949320660e-01 -8.0371259971468623e-01 6.4651905099422968e-01 0 0 0 1</transform>
        <rotation_covariance>3.0252264571806264e-06 -4.1824794913851985e-07 7.5039543437648582e-08 -4.1824794913851990e-07 6.1460118152737865e-07 6.0003198462068981e-09 7.5039543437648582e-08 6.0003198462068981e-09 4.7512467144547431e-07</rotation_covariance>
        <location_covariance>1.9008033462826878e-05 -5.4464956608257455e-07 -1.0732942974168856e-06 -5.4464956608257455e-07 1.9894163809456339e-05 2.2653089809084595e-06 -1.0732942974168856e-06 2.2653089809084595e-06 2.3518951460251034e-05</location_covariance>
        <reference x="-93.794490316666696" y="42.0150615444444" z="-383" enabled="true"/>
      </camera>
      <camera id="18" sensor_id="0" component_id="0" label="time_1659618751.114833">
        <transform>9.6531514088036419e-01 -9.1769100348540161e-02 2.4442813055853851e-01 7.1244086124112360e-01 5.9618268677633167e-02 -8.3398126450119681e-01 -5.4856258758765697e-01 -3.4530232114950227e-01 2.5418957655066016e-01 5.4410815347888708e-01 -7.9958362695267327e-01 6.1075670585639175e-01 0 0 0 1</transform>
        <rotation_covariance>3.0284878616878829e-06 -4.0972561309818734e-07 6.8041464154809495e-08 -4.0972561309818729e-07 6.1131144048482098e-07 7.9728415016804824e-09 6.8041464154809667e-08 7.9728415016804559e-09 4.7503941228432893e-07</rotation_covariance>
        <location_covariance>1.8904295447116185e-05 -4.9479687806787456e-07 -9.7729632057853763e-07 -4.9479687806787456e-07 1.9711079336373058e-05 2.0580040393754994e-06 -9.7729632057853763e-07 2.0580040393754994e-06 2.3023989372639987e-05</location_covariance>
        <reference x="-93.794483394444399" y="42.015069775000001" z="-383" enabled="true"/>
      </camera>
      <camera id="19" sensor_id="0" component_id="0" label="time_1659618751.415303">
        <transform>9.6772175607877764e-01 -9.0018824014983428e-02 2.3539586685998914e-01 6.9604620201557665e-01 5.5087620112449866e-02 -8.3589090019008239e-01 -5.4612430552920888e-01 -2.6265103254352945e-01 2.4592673080035998e-01 5.4146377007365276e-01 -8.0395088704190976e-01 5.6662587696637934e-01 0 0 0 1</transform>
        <rotation_covariance>3.0302556781184711e-06 -4.0720359764212823e-07 4.4762811127429878e-08 -4.0720359764212823e-07 6.1058972049305651e-07 1.1481685748622243e-08 4.4762811127429812e-08 1.1481685748622296e-08 4.7387625750999481e-07</rotation_covariance>
        <location_covariance>1.8789139519056009e-05 -4.3880986172780631e-07 -8.6757638821959082e-07 -4.3880986172780631e-07 1.9502704511077999e-05 1.8203700753573504e-06 -8.6757638821959082e-07 1.8203700753573504e-06 2.2459547617692613e-05</location_covariance>
        <reference x="-93.794475116666703" y="42.015078986111099" z="-383" enabled="true"/>
      </camera>
      <camera id="20" sensor_id="0" component_id="0" label="time_1659618751.715702">
        <transform>9.6867619404945660e-01 -9.1073477018553312e-02 2.3102392271279903e-01 6.7876637692560848e-01 5.0978342133570345e-02 -8.3757607919801846e-01 -5.4393705535529313e-01 -1.6486235752686870e-01 2.4303835029717213e-01 5.3867609315712695e-01 -8.0669723375365754e-01 5.1601471905546248e-01 0 0 0 1</transform>
        <rotation_covariance>3.0291418102622433e-06 -4.1129605516909014e-07 3.3750589913339229e-08 -4.1129605516909008e-07 6.1215861719213710e-07 1.2981429112504872e-08 3.3750589913339216e-08 1.2981429112504845e-08 4.7343268401257878e-07</rotation_covariance>
        <location_covariance>1.8665109053347477e-05 -3.7366022418190265e-07 -7.4905774218876285e-07 -3.7366022418190265e-07 1.9278029380524822e-05 1.5645801608276542e-06 -7.4905774218876285e-07 1.5645801608276542e-06 2.1843954984383958e-05</location_covariance>
        <reference x="-93.794465833333305" y="42.015089022222199" z="-383" enabled="true"/>
      </camera>
      <camera id="21" sensor_id="0" component_id="0" label="time_1659618752.014249">
        <transform>9.6664847934239573e-01 -8.8432169272907049e-02 2.4035488100457086e-01 6.6019737656510702e-01 6.0202895577082395e-02 -8.3373559648254758e-01 -5.4887208575589419e-01 -5.2932193821527689e-02 2.4893036927857634e-01 5.4503642685198450e-01 -8.0060537386108854e-01 4.6002243874757937e-01 0 0 0 1</transform>
        <rotation_covariance>3.0316277145020049e-06 -4.0124603665841977e-07 5.7218152561064459e-08 -4.0124603665841982e-07 6.0839880941073198e-07 9.8872733530843064e-09 5.7218152561064419e-08 9.8872733530843329e-09 4.7450662073328177e-07</rotation_covariance>
        <location_covariance>1.8527971584896518e-05 -3.1346229056889168e-07 -6.2584283031227589e-07 -3.1346229056889168e-07 1.9043576601325324e-05 1.3058411484654705e-06 -6.2584283031227589e-07 1.3058411484654705e-06 2.1212615830717482e-05</location_covariance>
        <reference x="-93.794454958333304" y="42.015100486111102" z="-383" enabled="true"/>
      </camera>
      <camera id="22" sensor_id="0" component_id="0" label="time_1659618752.315169">
        <transform>9.6580215517378565e-01 -8.5972893356883448e-02 2.4461164867911733e-01 6.3927993878771172e-01 6.5844510903280751e-02 -8.3117148739690216e-01 -5.5210366682565004e-01 7.2445971714364996e-02 2.5078017753717641e-01 5.4932924566808483e-01 -7.9708637073290578e-01 3.9863190289455203e-01 0 0 0 1</transform>
        <rotation_covariance>3.0339533907810586e-06 -3.9275747170636096e-07 6.7759668825510031e-08 -3.9275747170636085e-07 6.0549931026442272e-07 8.7769772792575735e-09 6.7759668825509925e-08 8.7769772792575205e-09 4.7518669670475189e-07</rotation_covariance>
        <location_covariance>1.8407021504623842e-05 -2.5088666190653823e-07 -5.0778755735200350e-07 -2.5088666190653823e-07 1.8827839080106077e-05 1.0511581989533531e-06 -5.0778755735200350e-07 1.0511581989533531e-06 2.0603870469509877e-05</location_covariance>
        <reference x="-93.794443452777799" y="42.015112866666698" z="-383" enabled="true"/>
      </camera>
      <camera id="23" sensor_id="0" component_id="0" label="time_1659618752.614905">
        <transform>9.6512608982028736e-01 -8.5641220925318423e-02 2.4738070261567194e-01 6.1541168286761905e-01 6.4880707227646273e-02 -8.3724154700256925e-01 -5.4297061228245591e-01 2.1090844486045568e-01 2.5361806831896488e-01 5.4008533885967080e-01 -8.0248719751220421e-01 3.3227974655666831e-01 0 0 0 1</transform>
        <rotation_covariance>3.0316978877209671e-06 -3.9784769755081673e-07 7.6911804937624707e-08 -3.9784769755081667e-07 6.0754367863226684e-07 6.4253446581134816e-09 7.6911804937624681e-08 6.4253446581135345e-09 4.7529307501702817e-07</rotation_covariance>
        <location_covariance>1.8297166011708931e-05 -1.9645407760679130e-07 -3.9847842239061533e-07 -1.9645407760679130e-07 1.8630280204788029e-05 8.1999371901068655e-07 -3.9847842239061533e-07 8.1999371901068655e-07 2.0049168252689353e-05</location_covariance>
        <reference x="-93.794430611111096" y="42.015126836111101" z="-383" enabled="true"/>
      </camera>
      <camera id="24" sensor_id="0" component_id="0" label="time_1659618752.914719">
        <transform>9.6280308640734513e-01 -8.6702387595597660e-02 2.5591583145579822e-01 5.8964718116650061e-01 6.9200931562800133e-02 -8.3641103107938175e-01 -5.4371667084941011e-01 3.6117485222776347e-01 2.6119235799565510e-01 5.4120170276334911e-01 -7.9929923623804455e-01 2.6153759438035462e-01 0 0 0 1</transform>
        <rotation_covariance>3.0296016120494948e-06 -3.9966720183737448e-07 9.9256409338797403e-08 -3.9966720183737454e-07 6.0806772194969213e-07 2.9813359887594955e-09 9.9256409338797456e-08 2.9813359887594691e-09 4.7689049512663458e-07</rotation_covariance>
        <location_covariance>1.8210651630316977e-05 -1.4711406430456057e-07 -3.0621286299791450e-07 -1.4711406430456057e-07 1.8469435698374344e-05 6.1752186021217880e-07 -3.0621286299791450e-07 6.1752186021217880e-07 1.9589761629355915e-05</location_covariance>
        <reference x="-93.794417272222205" y="42.015141408333299" z="-383" enabled="true"/>
      </camera>
      <camera id="25" sensor_id="0" component_id="0" label="time_1659618753.215350">
        <transform>9.6097785156107451e-01 -9.5109276444254057e-02 2.5976103315030147e-01 5.6063709914507576e-01 7.0406881178438324e-02 -8.2401618331954796e-01 -5.6217452869212314e-01 5.2239535836685258e-01 2.6751530777095128e-01 5.5852623498071730e-01 -7.8516495397239794e-01 1.8691082310424739e-01 0 0 0 1</transform>
        <rotation_covariance>3.0262647276736773e-06 -4.0845054087227054e-07 1.0574478972482743e-07 -4.0845054087227059e-07 6.1013197488417305e-07 3.2151921571511090e-09 1.0574478972482740e-07 3.2151921571511619e-09 4.7829407729818667e-07</rotation_covariance>
        <location_covariance>1.8162468211757105e-05 -1.1094143479108002e-07 -2.3587959832054198e-07 -1.1094143479108002e-07 1.8356060712177163e-05 4.5753506985883250e-07 -2.3587959832054198e-07 4.5753506985883250e-07 1.9266105508756708e-05</location_covariance>
        <reference x="-93.794402747222193" y="42.015157447222201" z="-383" enabled="true"/>
      </camera>
      <camera id="26" sensor_id="0" component_id="0" label="time_1659618753.515033">
        <transform>9.6629463196627863e-01 -8.9588106874569945e-02 2.4134758200525683e-01 5.2955804066541312e-01 5.8177023263417595e-02 -8.3725201172458874e-01 -5.4371362207262841e-01 6.9605634321807830e-01 2.5077902264216850e-01 5.3942843822861253e-01 -8.0382015515467065e-01 1.0557453039543699e-01 0 0 0 1</transform>
        <rotation_covariance>3.0293628006616660e-06 -4.0753581629840237e-07 6.0891193009010417e-08 -4.0753581629840237e-07 6.1082473541697101e-07 8.7118722518960753e-09 6.0891193009010324e-08 8.7118722518961283e-09 4.7444599213411833e-07</rotation_covariance>
        <location_covariance>1.8148648176371811e-05 -8.8029378779494426e-08 -1.9789705368769948e-07 -8.8029378779494426e-08 1.8294452876591603e-05 3.5705451593854115e-07 -1.9789705368769948e-07 3.5705451593854115e-07 1.9097198806858210e-05</location_covariance>
        <reference x="-93.794387538888898" y="42.015174530555598" z="-383" enabled="true"/>
      </camera>
      <camera id="27" sensor_id="0" component_id="0" label="time_1659618753.815149">
        <transform>9.6873889173294003e-01 -8.3043194504765994e-02 2.3377080119313257e-01 4.9569967833645340e-01 5.2067719768139571e-02 -8.5326321495397628e-01 -5.1887458847447010e-01 8.7803978449779718e-01 2.4255702876268506e-01 5.1482590635364078e-01 -8.2226539143087496e-01 2.1796959599103570e-02 0 0 0 1</transform>
        <rotation_covariance>3.0299482094184663e-06 -4.0741374923088785e-07 4.6260612137658142e-08 -4.0741374923088796e-07 6.1187484238070650e-07 8.8478336809499866e-09 4.6260612137657996e-08 8.8478336809499602e-09 4.7279648546651701e-07</rotation_covariance>
        <location_covariance>1.8184113713625966e-05 -8.1716400462243982e-08 -1.9473283980007040e-07 -8.1716400462243982e-08 1.8305405639046324e-05 3.2556281602878341e-07 -1.9473283980007040e-07 3.2556281602878341e-07 1.9134952830422270e-05</location_covariance>
        <reference x="-93.794371561111106" y="42.015192452777796" z="-383" enabled="true"/>
      </camera>
      <camera id="28" sensor_id="0" component_id="0" label="time_1659618754.114839">
        <transform>9.6830900649239582e-01 -8.8347034923191570e-02 2.3360751136466143e-01 4.6175366847724808e-01 5.1159448276512746e-02 -8.4535051466529865e-01 -5.3175672840797983e-01 1.0674867585793439e+00 2.4445936021709797e-01 5.2685606077504255e-01 -8.1404073142985434e-01 -6.4385396185329694e-02 0 0 0 1</transform>
        <rotation_covariance>3.0283318001794554e-06 -4.1247952210044298e-07 4.3037730417522569e-08 -4.1247952210044287e-07 6.1300969693941535e-07 1.0395604317683071e-08 4.3037730417522569e-08 1.0395604317683124e-08 4.7319295534880752e-07</rotation_covariance>
        <location_covariance>1.8261989804828039e-05 -8.8605828811709983e-08 -2.3286638867793046e-07 -8.8605828811709983e-08 1.8379040223519009e-05 3.6602839272521923e-07 -2.3286638867793046e-07 3.6602839272521923e-07 1.9402342149776327e-05</location_covariance>
        <reference x="-93.794354624999997" y="42.015211161111097" z="-383" enabled="true"/>
      </camera>
      <camera id="29" sensor_id="0" component_id="0" label="time_1659618754.414846">
        <transform>9.6694051726860231e-01 -8.6867410471672610e-02 2.3975005539576894e-01 4.2696350570636021e-01 5.7284684098089622e-02 -8.4216248466422816e-01 -5.3617237376794813e-01 1.2633289784040151e+00 2.4848440802615848e-01 5.3218079862215995e-01 -8.0934485637815090e-01 -1.5550154649383616e-01 0 0 0 1</transform>
        <rotation_covariance>3.0301322174804425e-06 -4.0579439714654236e-07 5.8227149235509140e-08 -4.0579439714654242e-07 6.1067775011463967e-07 8.5460945756653750e-09 5.8227149235509273e-08 8.5460945756653750e-09 4.7400476945011174e-07</rotation_covariance>
        <location_covariance>1.8411289301174088e-05 -1.1395527588545604e-07 -3.1753421735842899e-07 -1.1395527588545604e-07 1.8543545801239621e-05 4.9115698650489335e-07 -3.1753421735842899e-07 4.9115698650489335e-07 1.9923681008591006e-05</location_covariance>
        <reference x="-93.794337463888894" y="42.015229836111097" z="-383" enabled="true"/>
      </camera>
      <camera id="30" sensor_id="0" component_id="0" label="time_1659618754.714347">
        <transform>9.6849946863517189e-01 -9.0180597006976754e-02 2.3211255712876813e-01 3.9160944958683619e-01 4.9519637955589342e-02 -8.4375497122288334e-01 -5.3443928934297069e-01 1.4644041221541926e+00 2.4404217813758719e-01 5.2909829754038873e-01 -8.1271053077324296e-01 -2.4967995641574464e-01 0 0 0 1</transform>
        <rotation_covariance>3.0276278512130613e-06 -4.1539447986951369e-07 3.8560910407273096e-08 -4.1539447986951369e-07 6.1411975878027253e-07 1.1342034921682372e-08 3.8560910407273136e-08 1.1342034921682346e-08 4.7317332076307294e-07</rotation_covariance>
        <location_covariance>1.8613966173286633e-05 -1.6119480593316356e-07 -4.5434727073208633e-07 -1.6119480593316356e-07 1.8793661889002663e-05 7.1307677377122553e-07 -4.5434727073208633e-07 7.1307677377122553e-07 2.0714359827922797e-05</location_covariance>
        <reference x="-93.794320044444405" y="42.0152488111111" z="-383" enabled="true"/>
      </camera>
      <camera id="31" sensor_id="0" component_id="0" label="time_1659618755.015095">
        <transform>9.7050619733444288e-01 -8.8010526809119721e-02 2.2443677975372134e-01 3.5516260789759740e-01 4.4188370095298940e-02 -8.5026278469778460e-01 -5.2450031926233309e-01 1.6734208660660921e+00 2.3699179075183194e-01 5.1894830583474261e-01 -8.2129626018111757e-01 -3.4577127823708115e-01 0 0 0 1</transform>
        <rotation_covariance>3.0278278216507890e-06 -4.1654561865616958e-07 2.0560336747088904e-08 -4.1654561865616968e-07 6.1512750300280662e-07 1.3389951722392867e-08 2.0560336747088825e-08 1.3389951722392920e-08 4.7235193434128296e-07</rotation_covariance>
